-1080.0 , 2160.0 , 2160.0 , 2160.0 , 2160.0 , 2160.0 , 2160.0 , 2160.0 , 2160.0 , 2160.0 , 117.0 , 0.0 , 0.0 , 0.0 , 0.0 , 0.0 , 0.0 , 117.0 , 2160.0 , 162.0 , 0.0 , 0.0 , 0.0 , 0.0 , 0.0 , 0.0 , 162.0 , 2160.0 , 90.0 , 0.0 , 0.0 , 0.0 , 0.0 , 0.0 , 0.0 , 90.0 , 2160.0 , 81.0 , 0.0 , 0.0 , 0.0 , 0.0 , 0.0 , 0.0 , 81.0 , 2160.0 , 99.0 , 0.0 , 0.0 , 0.0 , 0.0 , 0.0 , 0.0 , 99.0 , 2160.0 , 180.0 , 0.0 , 0.0 , 0.0 , 0.0 , 0.0 , 0.0 , 180.0 , 2160.0 , 153.0 , 0.0 , 0.0 , 0.0 , 0.0 , 0.0 , 0.0 , 153.0 , 2160.0 , 117.0 , 0.0 , 0.0 , 0.0 , 0.0 , 0.0 , 0.0 , 117.0 , 
0.0 , 2160.0 , 2160.0 , 2160.0 , 2160.0 , 2160.0 , 2160.0 , 2160.0 , 2160.0 , 117.0 , 2160.0 , 117.0 , 0.0 , 0.0 , 0.0 , 0.0 , 0.0 , 0.0 , 162.0 , 2160.0 , 162.0 , 0.0 , 0.0 , 0.0 , 0.0 , 0.0 , 0.0 , 90.0 , 2160.0 , 90.0 , 0.0 , 0.0 , 0.0 , 0.0 , 0.0 , 0.0 , 81.0 , 2160.0 , 81.0 , 0.0 , 0.0 , 0.0 , 0.0 , 0.0 , 0.0 , 99.0 , 2160.0 , 99.0 , 0.0 , 0.0 , 0.0 , 0.0 , 0.0 , 0.0 , 180.0 , 2160.0 , 180.0 , 0.0 , 0.0 , 0.0 , 0.0 , 0.0 , 0.0 , 153.0 , 2160.0 , 153.0 , 0.0 , 0.0 , 0.0 , 0.0 , 0.0 , 0.0 , 117.0 , 2160.0 , 117.0 , 0.0 , 0.0 , 0.0 , 0.0 , 0.0 , 0.0 , 
0.0 , 0.0 , 2160.0 , 2160.0 , 2160.0 , 2160.0 , 2160.0 , 2160.0 , 2160.0 , 0.0 , 117.0 , 2160.0 , 117.0 , 0.0 , 0.0 , 0.0 , 0.0 , 0.0 , 0.0 , 162.0 , 2160.0 , 162.0 , 0.0 , 0.0 , 0.0 , 0.0 , 0.0 , 0.0 , 90.0 , 2160.0 , 90.0 , 0.0 , 0.0 , 0.0 , 0.0 , 0.0 , 0.0 , 81.0 , 2160.0 , 81.0 , 0.0 , 0.0 , 0.0 , 0.0 , 0.0 , 0.0 , 99.0 , 2160.0 , 99.0 , 0.0 , 0.0 , 0.0 , 0.0 , 0.0 , 0.0 , 180.0 , 2160.0 , 180.0 , 0.0 , 0.0 , 0.0 , 0.0 , 0.0 , 0.0 , 153.0 , 2160.0 , 153.0 , 0.0 , 0.0 , 0.0 , 0.0 , 0.0 , 0.0 , 117.0 , 2160.0 , 117.0 , 0.0 , 0.0 , 0.0 , 0.0 , 0.0 , 
0.0 , 0.0 , 0.0 , 2160.0 , 2160.0 , 2160.0 , 2160.0 , 2160.0 , 2160.0 , 0.0 , 0.0 , 117.0 , 2160.0 , 117.0 , 0.0 , 0.0 , 0.0 , 0.0 , 0.0 , 0.0 , 162.0 , 2160.0 , 162.0 , 0.0 , 0.0 , 0.0 , 0.0 , 0.0 , 0.0 , 90.0 , 2160.0 , 90.0 , 0.0 , 0.0 , 0.0 , 0.0 , 0.0 , 0.0 , 81.0 , 2160.0 , 81.0 , 0.0 , 0.0 , 0.0 , 0.0 , 0.0 , 0.0 , 99.0 , 2160.0 , 99.0 , 0.0 , 0.0 , 0.0 , 0.0 , 0.0 , 0.0 , 180.0 , 2160.0 , 180.0 , 0.0 , 0.0 , 0.0 , 0.0 , 0.0 , 0.0 , 153.0 , 2160.0 , 153.0 , 0.0 , 0.0 , 0.0 , 0.0 , 0.0 , 0.0 , 117.0 , 2160.0 , 117.0 , 0.0 , 0.0 , 0.0 , 0.0 , 
0.0 , 0.0 , 0.0 , 0.0 , 2160.0 , 2160.0 , 2160.0 , 2160.0 , 2160.0 , 0.0 , 0.0 , 0.0 , 117.0 , 2160.0 , 117.0 , 0.0 , 0.0 , 0.0 , 0.0 , 0.0 , 0.0 , 162.0 , 2160.0 , 162.0 , 0.0 , 0.0 , 0.0 , 0.0 , 0.0 , 0.0 , 90.0 , 2160.0 , 90.0 , 0.0 , 0.0 , 0.0 , 0.0 , 0.0 , 0.0 , 81.0 , 2160.0 , 81.0 , 0.0 , 0.0 , 0.0 , 0.0 , 0.0 , 0.0 , 99.0 , 2160.0 , 99.0 , 0.0 , 0.0 , 0.0 , 0.0 , 0.0 , 0.0 , 180.0 , 2160.0 , 180.0 , 0.0 , 0.0 , 0.0 , 0.0 , 0.0 , 0.0 , 153.0 , 2160.0 , 153.0 , 0.0 , 0.0 , 0.0 , 0.0 , 0.0 , 0.0 , 117.0 , 2160.0 , 117.0 , 0.0 , 0.0 , 0.0 , 
0.0 , 0.0 , 0.0 , 0.0 , 0.0 , 2160.0 , 2160.0 , 2160.0 , 2160.0 , 0.0 , 0.0 , 0.0 , 0.0 , 117.0 , 2160.0 , 117.0 , 0.0 , 0.0 , 0.0 , 0.0 , 0.0 , 0.0 , 162.0 , 2160.0 , 162.0 , 0.0 , 0.0 , 0.0 , 0.0 , 0.0 , 0.0 , 90.0 , 2160.0 , 90.0 , 0.0 , 0.0 , 0.0 , 0.0 , 0.0 , 0.0 , 81.0 , 2160.0 , 81.0 , 0.0 , 0.0 , 0.0 , 0.0 , 0.0 , 0.0 , 99.0 , 2160.0 , 99.0 , 0.0 , 0.0 , 0.0 , 0.0 , 0.0 , 0.0 , 180.0 , 2160.0 , 180.0 , 0.0 , 0.0 , 0.0 , 0.0 , 0.0 , 0.0 , 153.0 , 2160.0 , 153.0 , 0.0 , 0.0 , 0.0 , 0.0 , 0.0 , 0.0 , 117.0 , 2160.0 , 117.0 , 0.0 , 0.0 , 
0.0 , 0.0 , 0.0 , 0.0 , 0.0 , 0.0 , 2160.0 , 2160.0 , 2160.0 , 0.0 , 0.0 , 0.0 , 0.0 , 0.0 , 117.0 , 2160.0 , 117.0 , 0.0 , 0.0 , 0.0 , 0.0 , 0.0 , 0.0 , 162.0 , 2160.0 , 162.0 , 0.0 , 0.0 , 0.0 , 0.0 , 0.0 , 0.0 , 90.0 , 2160.0 , 90.0 , 0.0 , 0.0 , 0.0 , 0.0 , 0.0 , 0.0 , 81.0 , 2160.0 , 81.0 , 0.0 , 0.0 , 0.0 , 0.0 , 0.0 , 0.0 , 99.0 , 2160.0 , 99.0 , 0.0 , 0.0 , 0.0 , 0.0 , 0.0 , 0.0 , 180.0 , 2160.0 , 180.0 , 0.0 , 0.0 , 0.0 , 0.0 , 0.0 , 0.0 , 153.0 , 2160.0 , 153.0 , 0.0 , 0.0 , 0.0 , 0.0 , 0.0 , 0.0 , 117.0 , 2160.0 , 117.0 , 0.0 , 
0.0 , 0.0 , 0.0 , 0.0 , 0.0 , 0.0 , 0.0 , 2160.0 , 2160.0 , 0.0 , 0.0 , 0.0 , 0.0 , 0.0 , 0.0 , 117.0 , 2160.0 , 117.0 , 0.0 , 0.0 , 0.0 , 0.0 , 0.0 , 0.0 , 162.0 , 2160.0 , 162.0 , 0.0 , 0.0 , 0.0 , 0.0 , 0.0 , 0.0 , 90.0 , 2160.0 , 90.0 , 0.0 , 0.0 , 0.0 , 0.0 , 0.0 , 0.0 , 81.0 , 2160.0 , 81.0 , 0.0 , 0.0 , 0.0 , 0.0 , 0.0 , 0.0 , 99.0 , 2160.0 , 99.0 , 0.0 , 0.0 , 0.0 , 0.0 , 0.0 , 0.0 , 180.0 , 2160.0 , 180.0 , 0.0 , 0.0 , 0.0 , 0.0 , 0.0 , 0.0 , 153.0 , 2160.0 , 153.0 , 0.0 , 0.0 , 0.0 , 0.0 , 0.0 , 0.0 , 117.0 , 2160.0 , 117.0 , 
0.0 , 0.0 , 0.0 , 0.0 , 0.0 , 0.0 , 0.0 , 0.0 , 2160.0 , 117.0 , 0.0 , 0.0 , 0.0 , 0.0 , 0.0 , 0.0 , 117.0 , 2160.0 , 162.0 , 0.0 , 0.0 , 0.0 , 0.0 , 0.0 , 0.0 , 162.0 , 2160.0 , 90.0 , 0.0 , 0.0 , 0.0 , 0.0 , 0.0 , 0.0 , 90.0 , 2160.0 , 81.0 , 0.0 , 0.0 , 0.0 , 0.0 , 0.0 , 0.0 , 81.0 , 2160.0 , 99.0 , 0.0 , 0.0 , 0.0 , 0.0 , 0.0 , 0.0 , 99.0 , 2160.0 , 180.0 , 0.0 , 0.0 , 0.0 , 0.0 , 0.0 , 0.0 , 180.0 , 2160.0 , 153.0 , 0.0 , 0.0 , 0.0 , 0.0 , 0.0 , 0.0 , 153.0 , 2160.0 , 117.0 , 0.0 , 0.0 , 0.0 , 0.0 , 0.0 , 0.0 , 117.0 , 2160.0 , 
0.0 , 0.0 , 0.0 , 0.0 , 0.0 , 0.0 , 0.0 , 0.0 , 0.0 , 2160.0 , 2160.0 , 2160.0 , 2160.0 , 2160.0 , 2160.0 , 2160.0 , 2160.0 , 2160.0 , 2160.0 , 9.0 , 0.0 , 0.0 , 0.0 , 0.0 , 0.0 , 0.0 , 9.0 , 2160.0 , 9.0 , 0.0 , 0.0 , 0.0 , 0.0 , 0.0 , 0.0 , 9.0 , 2160.0 , 180.0 , 0.0 , 0.0 , 0.0 , 0.0 , 0.0 , 0.0 , 180.0 , 2160.0 , 36.0 , 0.0 , 0.0 , 0.0 , 0.0 , 0.0 , 0.0 , 36.0 , 2160.0 , 117.0 , 0.0 , 0.0 , 0.0 , 0.0 , 0.0 , 0.0 , 117.0 , 2160.0 , 72.0 , 0.0 , 0.0 , 0.0 , 0.0 , 0.0 , 0.0 , 72.0 , 2160.0 , 180.0 , 0.0 , 0.0 , 0.0 , 0.0 , 0.0 , 0.0 , 180.0 , 
0.0 , 0.0 , 0.0 , 0.0 , 0.0 , 0.0 , 0.0 , 0.0 , 0.0 , 0.0 , -1080.0 , 2160.0 , 2160.0 , 2160.0 , 2160.0 , 2160.0 , 2160.0 , 2160.0 , 9.0 , 2160.0 , 9.0 , 0.0 , 0.0 , 0.0 , 0.0 , 0.0 , 0.0 , 9.0 , 2160.0 , 9.0 , 0.0 , 0.0 , 0.0 , 0.0 , 0.0 , 0.0 , 180.0 , 2160.0 , 180.0 , 0.0 , 0.0 , 0.0 , 0.0 , 0.0 , 0.0 , 36.0 , 2160.0 , 36.0 , 0.0 , 0.0 , 0.0 , 0.0 , 0.0 , 0.0 , 117.0 , 2160.0 , 117.0 , 0.0 , 0.0 , 0.0 , 0.0 , 0.0 , 0.0 , 72.0 , 2160.0 , 72.0 , 0.0 , 0.0 , 0.0 , 0.0 , 0.0 , 0.0 , 180.0 , 2160.0 , 180.0 , 0.0 , 0.0 , 0.0 , 0.0 , 0.0 , 0.0 , 
0.0 , 0.0 , 0.0 , 0.0 , 0.0 , 0.0 , 0.0 , 0.0 , 0.0 , 0.0 , 0.0 , -1080.0 , 2160.0 , 2160.0 , 2160.0 , 2160.0 , 2160.0 , 2160.0 , 0.0 , 9.0 , 2160.0 , 9.0 , 0.0 , 0.0 , 0.0 , 0.0 , 0.0 , 0.0 , 9.0 , 2160.0 , 9.0 , 0.0 , 0.0 , 0.0 , 0.0 , 0.0 , 0.0 , 180.0 , 2160.0 , 180.0 , 0.0 , 0.0 , 0.0 , 0.0 , 0.0 , 0.0 , 36.0 , 2160.0 , 36.0 , 0.0 , 0.0 , 0.0 , 0.0 , 0.0 , 0.0 , 117.0 , 2160.0 , 117.0 , 0.0 , 0.0 , 0.0 , 0.0 , 0.0 , 0.0 , 72.0 , 2160.0 , 72.0 , 0.0 , 0.0 , 0.0 , 0.0 , 0.0 , 0.0 , 180.0 , 2160.0 , 180.0 , 0.0 , 0.0 , 0.0 , 0.0 , 0.0 , 
0.0 , 0.0 , 0.0 , 0.0 , 0.0 , 0.0 , 0.0 , 0.0 , 0.0 , 0.0 , 0.0 , 0.0 , -1080.0 , 2160.0 , 2160.0 , 2160.0 , 2160.0 , 2160.0 , 0.0 , 0.0 , 9.0 , 2160.0 , 9.0 , 0.0 , 0.0 , 0.0 , 0.0 , 0.0 , 0.0 , 9.0 , 2160.0 , 9.0 , 0.0 , 0.0 , 0.0 , 0.0 , 0.0 , 0.0 , 180.0 , 2160.0 , 180.0 , 0.0 , 0.0 , 0.0 , 0.0 , 0.0 , 0.0 , 36.0 , 2160.0 , 36.0 , 0.0 , 0.0 , 0.0 , 0.0 , 0.0 , 0.0 , 117.0 , 2160.0 , 117.0 , 0.0 , 0.0 , 0.0 , 0.0 , 0.0 , 0.0 , 72.0 , 2160.0 , 72.0 , 0.0 , 0.0 , 0.0 , 0.0 , 0.0 , 0.0 , 180.0 , 2160.0 , 180.0 , 0.0 , 0.0 , 0.0 , 0.0 , 
0.0 , 0.0 , 0.0 , 0.0 , 0.0 , 0.0 , 0.0 , 0.0 , 0.0 , 0.0 , 0.0 , 0.0 , 0.0 , -1080.0 , 2160.0 , 2160.0 , 2160.0 , 2160.0 , 0.0 , 0.0 , 0.0 , 9.0 , 2160.0 , 9.0 , 0.0 , 0.0 , 0.0 , 0.0 , 0.0 , 0.0 , 9.0 , 2160.0 , 9.0 , 0.0 , 0.0 , 0.0 , 0.0 , 0.0 , 0.0 , 180.0 , 2160.0 , 180.0 , 0.0 , 0.0 , 0.0 , 0.0 , 0.0 , 0.0 , 36.0 , 2160.0 , 36.0 , 0.0 , 0.0 , 0.0 , 0.0 , 0.0 , 0.0 , 117.0 , 2160.0 , 117.0 , 0.0 , 0.0 , 0.0 , 0.0 , 0.0 , 0.0 , 72.0 , 2160.0 , 72.0 , 0.0 , 0.0 , 0.0 , 0.0 , 0.0 , 0.0 , 180.0 , 2160.0 , 180.0 , 0.0 , 0.0 , 0.0 , 
0.0 , 0.0 , 0.0 , 0.0 , 0.0 , 0.0 , 0.0 , 0.0 , 0.0 , 0.0 , 0.0 , 0.0 , 0.0 , 0.0 , -1080.0 , 2160.0 , 2160.0 , 2160.0 , 0.0 , 0.0 , 0.0 , 0.0 , 9.0 , 2160.0 , 9.0 , 0.0 , 0.0 , 0.0 , 0.0 , 0.0 , 0.0 , 9.0 , 2160.0 , 9.0 , 0.0 , 0.0 , 0.0 , 0.0 , 0.0 , 0.0 , 180.0 , 2160.0 , 180.0 , 0.0 , 0.0 , 0.0 , 0.0 , 0.0 , 0.0 , 36.0 , 2160.0 , 36.0 , 0.0 , 0.0 , 0.0 , 0.0 , 0.0 , 0.0 , 117.0 , 2160.0 , 117.0 , 0.0 , 0.0 , 0.0 , 0.0 , 0.0 , 0.0 , 72.0 , 2160.0 , 72.0 , 0.0 , 0.0 , 0.0 , 0.0 , 0.0 , 0.0 , 180.0 , 2160.0 , 180.0 , 0.0 , 0.0 , 
0.0 , 0.0 , 0.0 , 0.0 , 0.0 , 0.0 , 0.0 , 0.0 , 0.0 , 0.0 , 0.0 , 0.0 , 0.0 , 0.0 , 0.0 , -1080.0 , 2160.0 , 2160.0 , 0.0 , 0.0 , 0.0 , 0.0 , 0.0 , 9.0 , 2160.0 , 9.0 , 0.0 , 0.0 , 0.0 , 0.0 , 0.0 , 0.0 , 9.0 , 2160.0 , 9.0 , 0.0 , 0.0 , 0.0 , 0.0 , 0.0 , 0.0 , 180.0 , 2160.0 , 180.0 , 0.0 , 0.0 , 0.0 , 0.0 , 0.0 , 0.0 , 36.0 , 2160.0 , 36.0 , 0.0 , 0.0 , 0.0 , 0.0 , 0.0 , 0.0 , 117.0 , 2160.0 , 117.0 , 0.0 , 0.0 , 0.0 , 0.0 , 0.0 , 0.0 , 72.0 , 2160.0 , 72.0 , 0.0 , 0.0 , 0.0 , 0.0 , 0.0 , 0.0 , 180.0 , 2160.0 , 180.0 , 0.0 , 
0.0 , 0.0 , 0.0 , 0.0 , 0.0 , 0.0 , 0.0 , 0.0 , 0.0 , 0.0 , 0.0 , 0.0 , 0.0 , 0.0 , 0.0 , 0.0 , -1080.0 , 2160.0 , 0.0 , 0.0 , 0.0 , 0.0 , 0.0 , 0.0 , 9.0 , 2160.0 , 9.0 , 0.0 , 0.0 , 0.0 , 0.0 , 0.0 , 0.0 , 9.0 , 2160.0 , 9.0 , 0.0 , 0.0 , 0.0 , 0.0 , 0.0 , 0.0 , 180.0 , 2160.0 , 180.0 , 0.0 , 0.0 , 0.0 , 0.0 , 0.0 , 0.0 , 36.0 , 2160.0 , 36.0 , 0.0 , 0.0 , 0.0 , 0.0 , 0.0 , 0.0 , 117.0 , 2160.0 , 117.0 , 0.0 , 0.0 , 0.0 , 0.0 , 0.0 , 0.0 , 72.0 , 2160.0 , 72.0 , 0.0 , 0.0 , 0.0 , 0.0 , 0.0 , 0.0 , 180.0 , 2160.0 , 180.0 , 
0.0 , 0.0 , 0.0 , 0.0 , 0.0 , 0.0 , 0.0 , 0.0 , 0.0 , 0.0 , 0.0 , 0.0 , 0.0 , 0.0 , 0.0 , 0.0 , 0.0 , 2160.0 , 9.0 , 0.0 , 0.0 , 0.0 , 0.0 , 0.0 , 0.0 , 9.0 , 2160.0 , 9.0 , 0.0 , 0.0 , 0.0 , 0.0 , 0.0 , 0.0 , 9.0 , 2160.0 , 180.0 , 0.0 , 0.0 , 0.0 , 0.0 , 0.0 , 0.0 , 180.0 , 2160.0 , 36.0 , 0.0 , 0.0 , 0.0 , 0.0 , 0.0 , 0.0 , 36.0 , 2160.0 , 117.0 , 0.0 , 0.0 , 0.0 , 0.0 , 0.0 , 0.0 , 117.0 , 2160.0 , 72.0 , 0.0 , 0.0 , 0.0 , 0.0 , 0.0 , 0.0 , 72.0 , 2160.0 , 180.0 , 0.0 , 0.0 , 0.0 , 0.0 , 0.0 , 0.0 , 180.0 , 2160.0 , 
0.0 , 0.0 , 0.0 , 0.0 , 0.0 , 0.0 , 0.0 , 0.0 , 0.0 , 0.0 , 0.0 , 0.0 , 0.0 , 0.0 , 0.0 , 0.0 , 0.0 , 0.0 , 2160.0 , 2160.0 , 2160.0 , 2160.0 , 2160.0 , 2160.0 , 2160.0 , 2160.0 , 2160.0 , 2160.0 , 126.0 , 0.0 , 0.0 , 0.0 , 0.0 , 0.0 , 0.0 , 126.0 , 2160.0 , 90.0 , 0.0 , 0.0 , 0.0 , 0.0 , 0.0 , 0.0 , 90.0 , 2160.0 , 144.0 , 0.0 , 0.0 , 0.0 , 0.0 , 0.0 , 0.0 , 144.0 , 2160.0 , 36.0 , 0.0 , 0.0 , 0.0 , 0.0 , 0.0 , 0.0 , 36.0 , 2160.0 , 153.0 , 0.0 , 0.0 , 0.0 , 0.0 , 0.0 , 0.0 , 153.0 , 2160.0 , 144.0 , 0.0 , 0.0 , 0.0 , 0.0 , 0.0 , 0.0 , 144.0 , 
0.0 , 0.0 , 0.0 , 0.0 , 0.0 , 0.0 , 0.0 , 0.0 , 0.0 , 0.0 , 0.0 , 0.0 , 0.0 , 0.0 , 0.0 , 0.0 , 0.0 , 0.0 , 0.0 , -1080.0 , 2160.0 , 2160.0 , 2160.0 , 2160.0 , 2160.0 , 2160.0 , 2160.0 , 126.0 , 2160.0 , 126.0 , 0.0 , 0.0 , 0.0 , 0.0 , 0.0 , 0.0 , 90.0 , 2160.0 , 90.0 , 0.0 , 0.0 , 0.0 , 0.0 , 0.0 , 0.0 , 144.0 , 2160.0 , 144.0 , 0.0 , 0.0 , 0.0 , 0.0 , 0.0 , 0.0 , 36.0 , 2160.0 , 36.0 , 0.0 , 0.0 , 0.0 , 0.0 , 0.0 , 0.0 , 153.0 , 2160.0 , 153.0 , 0.0 , 0.0 , 0.0 , 0.0 , 0.0 , 0.0 , 144.0 , 2160.0 , 144.0 , 0.0 , 0.0 , 0.0 , 0.0 , 0.0 , 0.0 , 
0.0 , 0.0 , 0.0 , 0.0 , 0.0 , 0.0 , 0.0 , 0.0 , 0.0 , 0.0 , 0.0 , 0.0 , 0.0 , 0.0 , 0.0 , 0.0 , 0.0 , 0.0 , 0.0 , 0.0 , -1080.0 , 2160.0 , 2160.0 , 2160.0 , 2160.0 , 2160.0 , 2160.0 , 0.0 , 126.0 , 2160.0 , 126.0 , 0.0 , 0.0 , 0.0 , 0.0 , 0.0 , 0.0 , 90.0 , 2160.0 , 90.0 , 0.0 , 0.0 , 0.0 , 0.0 , 0.0 , 0.0 , 144.0 , 2160.0 , 144.0 , 0.0 , 0.0 , 0.0 , 0.0 , 0.0 , 0.0 , 36.0 , 2160.0 , 36.0 , 0.0 , 0.0 , 0.0 , 0.0 , 0.0 , 0.0 , 153.0 , 2160.0 , 153.0 , 0.0 , 0.0 , 0.0 , 0.0 , 0.0 , 0.0 , 144.0 , 2160.0 , 144.0 , 0.0 , 0.0 , 0.0 , 0.0 , 0.0 , 
0.0 , 0.0 , 0.0 , 0.0 , 0.0 , 0.0 , 0.0 , 0.0 , 0.0 , 0.0 , 0.0 , 0.0 , 0.0 , 0.0 , 0.0 , 0.0 , 0.0 , 0.0 , 0.0 , 0.0 , 0.0 , -1080.0 , 2160.0 , 2160.0 , 2160.0 , 2160.0 , 2160.0 , 0.0 , 0.0 , 126.0 , 2160.0 , 126.0 , 0.0 , 0.0 , 0.0 , 0.0 , 0.0 , 0.0 , 90.0 , 2160.0 , 90.0 , 0.0 , 0.0 , 0.0 , 0.0 , 0.0 , 0.0 , 144.0 , 2160.0 , 144.0 , 0.0 , 0.0 , 0.0 , 0.0 , 0.0 , 0.0 , 36.0 , 2160.0 , 36.0 , 0.0 , 0.0 , 0.0 , 0.0 , 0.0 , 0.0 , 153.0 , 2160.0 , 153.0 , 0.0 , 0.0 , 0.0 , 0.0 , 0.0 , 0.0 , 144.0 , 2160.0 , 144.0 , 0.0 , 0.0 , 0.0 , 0.0 , 
0.0 , 0.0 , 0.0 , 0.0 , 0.0 , 0.0 , 0.0 , 0.0 , 0.0 , 0.0 , 0.0 , 0.0 , 0.0 , 0.0 , 0.0 , 0.0 , 0.0 , 0.0 , 0.0 , 0.0 , 0.0 , 0.0 , -1080.0 , 2160.0 , 2160.0 , 2160.0 , 2160.0 , 0.0 , 0.0 , 0.0 , 126.0 , 2160.0 , 126.0 , 0.0 , 0.0 , 0.0 , 0.0 , 0.0 , 0.0 , 90.0 , 2160.0 , 90.0 , 0.0 , 0.0 , 0.0 , 0.0 , 0.0 , 0.0 , 144.0 , 2160.0 , 144.0 , 0.0 , 0.0 , 0.0 , 0.0 , 0.0 , 0.0 , 36.0 , 2160.0 , 36.0 , 0.0 , 0.0 , 0.0 , 0.0 , 0.0 , 0.0 , 153.0 , 2160.0 , 153.0 , 0.0 , 0.0 , 0.0 , 0.0 , 0.0 , 0.0 , 144.0 , 2160.0 , 144.0 , 0.0 , 0.0 , 0.0 , 
0.0 , 0.0 , 0.0 , 0.0 , 0.0 , 0.0 , 0.0 , 0.0 , 0.0 , 0.0 , 0.0 , 0.0 , 0.0 , 0.0 , 0.0 , 0.0 , 0.0 , 0.0 , 0.0 , 0.0 , 0.0 , 0.0 , 0.0 , -1080.0 , 2160.0 , 2160.0 , 2160.0 , 0.0 , 0.0 , 0.0 , 0.0 , 126.0 , 2160.0 , 126.0 , 0.0 , 0.0 , 0.0 , 0.0 , 0.0 , 0.0 , 90.0 , 2160.0 , 90.0 , 0.0 , 0.0 , 0.0 , 0.0 , 0.0 , 0.0 , 144.0 , 2160.0 , 144.0 , 0.0 , 0.0 , 0.0 , 0.0 , 0.0 , 0.0 , 36.0 , 2160.0 , 36.0 , 0.0 , 0.0 , 0.0 , 0.0 , 0.0 , 0.0 , 153.0 , 2160.0 , 153.0 , 0.0 , 0.0 , 0.0 , 0.0 , 0.0 , 0.0 , 144.0 , 2160.0 , 144.0 , 0.0 , 0.0 , 
0.0 , 0.0 , 0.0 , 0.0 , 0.0 , 0.0 , 0.0 , 0.0 , 0.0 , 0.0 , 0.0 , 0.0 , 0.0 , 0.0 , 0.0 , 0.0 , 0.0 , 0.0 , 0.0 , 0.0 , 0.0 , 0.0 , 0.0 , 0.0 , -1080.0 , 2160.0 , 2160.0 , 0.0 , 0.0 , 0.0 , 0.0 , 0.0 , 126.0 , 2160.0 , 126.0 , 0.0 , 0.0 , 0.0 , 0.0 , 0.0 , 0.0 , 90.0 , 2160.0 , 90.0 , 0.0 , 0.0 , 0.0 , 0.0 , 0.0 , 0.0 , 144.0 , 2160.0 , 144.0 , 0.0 , 0.0 , 0.0 , 0.0 , 0.0 , 0.0 , 36.0 , 2160.0 , 36.0 , 0.0 , 0.0 , 0.0 , 0.0 , 0.0 , 0.0 , 153.0 , 2160.0 , 153.0 , 0.0 , 0.0 , 0.0 , 0.0 , 0.0 , 0.0 , 144.0 , 2160.0 , 144.0 , 0.0 , 
0.0 , 0.0 , 0.0 , 0.0 , 0.0 , 0.0 , 0.0 , 0.0 , 0.0 , 0.0 , 0.0 , 0.0 , 0.0 , 0.0 , 0.0 , 0.0 , 0.0 , 0.0 , 0.0 , 0.0 , 0.0 , 0.0 , 0.0 , 0.0 , 0.0 , -1080.0 , 2160.0 , 0.0 , 0.0 , 0.0 , 0.0 , 0.0 , 0.0 , 126.0 , 2160.0 , 126.0 , 0.0 , 0.0 , 0.0 , 0.0 , 0.0 , 0.0 , 90.0 , 2160.0 , 90.0 , 0.0 , 0.0 , 0.0 , 0.0 , 0.0 , 0.0 , 144.0 , 2160.0 , 144.0 , 0.0 , 0.0 , 0.0 , 0.0 , 0.0 , 0.0 , 36.0 , 2160.0 , 36.0 , 0.0 , 0.0 , 0.0 , 0.0 , 0.0 , 0.0 , 153.0 , 2160.0 , 153.0 , 0.0 , 0.0 , 0.0 , 0.0 , 0.0 , 0.0 , 144.0 , 2160.0 , 144.0 , 
0.0 , 0.0 , 0.0 , 0.0 , 0.0 , 0.0 , 0.0 , 0.0 , 0.0 , 0.0 , 0.0 , 0.0 , 0.0 , 0.0 , 0.0 , 0.0 , 0.0 , 0.0 , 0.0 , 0.0 , 0.0 , 0.0 , 0.0 , 0.0 , 0.0 , 0.0 , 2160.0 , 126.0 , 0.0 , 0.0 , 0.0 , 0.0 , 0.0 , 0.0 , 126.0 , 2160.0 , 90.0 , 0.0 , 0.0 , 0.0 , 0.0 , 0.0 , 0.0 , 90.0 , 2160.0 , 144.0 , 0.0 , 0.0 , 0.0 , 0.0 , 0.0 , 0.0 , 144.0 , 2160.0 , 36.0 , 0.0 , 0.0 , 0.0 , 0.0 , 0.0 , 0.0 , 36.0 , 2160.0 , 153.0 , 0.0 , 0.0 , 0.0 , 0.0 , 0.0 , 0.0 , 153.0 , 2160.0 , 144.0 , 0.0 , 0.0 , 0.0 , 0.0 , 0.0 , 0.0 , 144.0 , 2160.0 , 
0.0 , 0.0 , 0.0 , 0.0 , 0.0 , 0.0 , 0.0 , 0.0 , 0.0 , 0.0 , 0.0 , 0.0 , 0.0 , 0.0 , 0.0 , 0.0 , 0.0 , 0.0 , 0.0 , 0.0 , 0.0 , 0.0 , 0.0 , 0.0 , 0.0 , 0.0 , 0.0 , 2160.0 , 2160.0 , 2160.0 , 2160.0 , 2160.0 , 2160.0 , 2160.0 , 2160.0 , 2160.0 , 2160.0 , 162.0 , 0.0 , 0.0 , 0.0 , 0.0 , 0.0 , 0.0 , 162.0 , 2160.0 , 9.0 , 0.0 , 0.0 , 0.0 , 0.0 , 0.0 , 0.0 , 9.0 , 2160.0 , 9.0 , 0.0 , 0.0 , 0.0 , 0.0 , 0.0 , 0.0 , 9.0 , 2160.0 , 54.0 , 0.0 , 0.0 , 0.0 , 0.0 , 0.0 , 0.0 , 54.0 , 2160.0 , 135.0 , 0.0 , 0.0 , 0.0 , 0.0 , 0.0 , 0.0 , 135.0 , 
0.0 , 0.0 , 0.0 , 0.0 , 0.0 , 0.0 , 0.0 , 0.0 , 0.0 , 0.0 , 0.0 , 0.0 , 0.0 , 0.0 , 0.0 , 0.0 , 0.0 , 0.0 , 0.0 , 0.0 , 0.0 , 0.0 , 0.0 , 0.0 , 0.0 , 0.0 , 0.0 , 0.0 , -1080.0 , 2160.0 , 2160.0 , 2160.0 , 2160.0 , 2160.0 , 2160.0 , 2160.0 , 162.0 , 2160.0 , 162.0 , 0.0 , 0.0 , 0.0 , 0.0 , 0.0 , 0.0 , 9.0 , 2160.0 , 9.0 , 0.0 , 0.0 , 0.0 , 0.0 , 0.0 , 0.0 , 9.0 , 2160.0 , 9.0 , 0.0 , 0.0 , 0.0 , 0.0 , 0.0 , 0.0 , 54.0 , 2160.0 , 54.0 , 0.0 , 0.0 , 0.0 , 0.0 , 0.0 , 0.0 , 135.0 , 2160.0 , 135.0 , 0.0 , 0.0 , 0.0 , 0.0 , 0.0 , 0.0 , 
0.0 , 0.0 , 0.0 , 0.0 , 0.0 , 0.0 , 0.0 , 0.0 , 0.0 , 0.0 , 0.0 , 0.0 , 0.0 , 0.0 , 0.0 , 0.0 , 0.0 , 0.0 , 0.0 , 0.0 , 0.0 , 0.0 , 0.0 , 0.0 , 0.0 , 0.0 , 0.0 , 0.0 , 0.0 , -1080.0 , 2160.0 , 2160.0 , 2160.0 , 2160.0 , 2160.0 , 2160.0 , 0.0 , 162.0 , 2160.0 , 162.0 , 0.0 , 0.0 , 0.0 , 0.0 , 0.0 , 0.0 , 9.0 , 2160.0 , 9.0 , 0.0 , 0.0 , 0.0 , 0.0 , 0.0 , 0.0 , 9.0 , 2160.0 , 9.0 , 0.0 , 0.0 , 0.0 , 0.0 , 0.0 , 0.0 , 54.0 , 2160.0 , 54.0 , 0.0 , 0.0 , 0.0 , 0.0 , 0.0 , 0.0 , 135.0 , 2160.0 , 135.0 , 0.0 , 0.0 , 0.0 , 0.0 , 0.0 , 
0.0 , 0.0 , 0.0 , 0.0 , 0.0 , 0.0 , 0.0 , 0.0 , 0.0 , 0.0 , 0.0 , 0.0 , 0.0 , 0.0 , 0.0 , 0.0 , 0.0 , 0.0 , 0.0 , 0.0 , 0.0 , 0.0 , 0.0 , 0.0 , 0.0 , 0.0 , 0.0 , 0.0 , 0.0 , 0.0 , -1080.0 , 2160.0 , 2160.0 , 2160.0 , 2160.0 , 2160.0 , 0.0 , 0.0 , 162.0 , 2160.0 , 162.0 , 0.0 , 0.0 , 0.0 , 0.0 , 0.0 , 0.0 , 9.0 , 2160.0 , 9.0 , 0.0 , 0.0 , 0.0 , 0.0 , 0.0 , 0.0 , 9.0 , 2160.0 , 9.0 , 0.0 , 0.0 , 0.0 , 0.0 , 0.0 , 0.0 , 54.0 , 2160.0 , 54.0 , 0.0 , 0.0 , 0.0 , 0.0 , 0.0 , 0.0 , 135.0 , 2160.0 , 135.0 , 0.0 , 0.0 , 0.0 , 0.0 , 
0.0 , 0.0 , 0.0 , 0.0 , 0.0 , 0.0 , 0.0 , 0.0 , 0.0 , 0.0 , 0.0 , 0.0 , 0.0 , 0.0 , 0.0 , 0.0 , 0.0 , 0.0 , 0.0 , 0.0 , 0.0 , 0.0 , 0.0 , 0.0 , 0.0 , 0.0 , 0.0 , 0.0 , 0.0 , 0.0 , 0.0 , -1080.0 , 2160.0 , 2160.0 , 2160.0 , 2160.0 , 0.0 , 0.0 , 0.0 , 162.0 , 2160.0 , 162.0 , 0.0 , 0.0 , 0.0 , 0.0 , 0.0 , 0.0 , 9.0 , 2160.0 , 9.0 , 0.0 , 0.0 , 0.0 , 0.0 , 0.0 , 0.0 , 9.0 , 2160.0 , 9.0 , 0.0 , 0.0 , 0.0 , 0.0 , 0.0 , 0.0 , 54.0 , 2160.0 , 54.0 , 0.0 , 0.0 , 0.0 , 0.0 , 0.0 , 0.0 , 135.0 , 2160.0 , 135.0 , 0.0 , 0.0 , 0.0 , 
0.0 , 0.0 , 0.0 , 0.0 , 0.0 , 0.0 , 0.0 , 0.0 , 0.0 , 0.0 , 0.0 , 0.0 , 0.0 , 0.0 , 0.0 , 0.0 , 0.0 , 0.0 , 0.0 , 0.0 , 0.0 , 0.0 , 0.0 , 0.0 , 0.0 , 0.0 , 0.0 , 0.0 , 0.0 , 0.0 , 0.0 , 0.0 , -1080.0 , 2160.0 , 2160.0 , 2160.0 , 0.0 , 0.0 , 0.0 , 0.0 , 162.0 , 2160.0 , 162.0 , 0.0 , 0.0 , 0.0 , 0.0 , 0.0 , 0.0 , 9.0 , 2160.0 , 9.0 , 0.0 , 0.0 , 0.0 , 0.0 , 0.0 , 0.0 , 9.0 , 2160.0 , 9.0 , 0.0 , 0.0 , 0.0 , 0.0 , 0.0 , 0.0 , 54.0 , 2160.0 , 54.0 , 0.0 , 0.0 , 0.0 , 0.0 , 0.0 , 0.0 , 135.0 , 2160.0 , 135.0 , 0.0 , 0.0 , 
0.0 , 0.0 , 0.0 , 0.0 , 0.0 , 0.0 , 0.0 , 0.0 , 0.0 , 0.0 , 0.0 , 0.0 , 0.0 , 0.0 , 0.0 , 0.0 , 0.0 , 0.0 , 0.0 , 0.0 , 0.0 , 0.0 , 0.0 , 0.0 , 0.0 , 0.0 , 0.0 , 0.0 , 0.0 , 0.0 , 0.0 , 0.0 , 0.0 , -1080.0 , 2160.0 , 2160.0 , 0.0 , 0.0 , 0.0 , 0.0 , 0.0 , 162.0 , 2160.0 , 162.0 , 0.0 , 0.0 , 0.0 , 0.0 , 0.0 , 0.0 , 9.0 , 2160.0 , 9.0 , 0.0 , 0.0 , 0.0 , 0.0 , 0.0 , 0.0 , 9.0 , 2160.0 , 9.0 , 0.0 , 0.0 , 0.0 , 0.0 , 0.0 , 0.0 , 54.0 , 2160.0 , 54.0 , 0.0 , 0.0 , 0.0 , 0.0 , 0.0 , 0.0 , 135.0 , 2160.0 , 135.0 , 0.0 , 
0.0 , 0.0 , 0.0 , 0.0 , 0.0 , 0.0 , 0.0 , 0.0 , 0.0 , 0.0 , 0.0 , 0.0 , 0.0 , 0.0 , 0.0 , 0.0 , 0.0 , 0.0 , 0.0 , 0.0 , 0.0 , 0.0 , 0.0 , 0.0 , 0.0 , 0.0 , 0.0 , 0.0 , 0.0 , 0.0 , 0.0 , 0.0 , 0.0 , 0.0 , -1080.0 , 2160.0 , 0.0 , 0.0 , 0.0 , 0.0 , 0.0 , 0.0 , 162.0 , 2160.0 , 162.0 , 0.0 , 0.0 , 0.0 , 0.0 , 0.0 , 0.0 , 9.0 , 2160.0 , 9.0 , 0.0 , 0.0 , 0.0 , 0.0 , 0.0 , 0.0 , 9.0 , 2160.0 , 9.0 , 0.0 , 0.0 , 0.0 , 0.0 , 0.0 , 0.0 , 54.0 , 2160.0 , 54.0 , 0.0 , 0.0 , 0.0 , 0.0 , 0.0 , 0.0 , 135.0 , 2160.0 , 135.0 , 
0.0 , 0.0 , 0.0 , 0.0 , 0.0 , 0.0 , 0.0 , 0.0 , 0.0 , 0.0 , 0.0 , 0.0 , 0.0 , 0.0 , 0.0 , 0.0 , 0.0 , 0.0 , 0.0 , 0.0 , 0.0 , 0.0 , 0.0 , 0.0 , 0.0 , 0.0 , 0.0 , 0.0 , 0.0 , 0.0 , 0.0 , 0.0 , 0.0 , 0.0 , 0.0 , 2160.0 , 162.0 , 0.0 , 0.0 , 0.0 , 0.0 , 0.0 , 0.0 , 162.0 , 2160.0 , 9.0 , 0.0 , 0.0 , 0.0 , 0.0 , 0.0 , 0.0 , 9.0 , 2160.0 , 9.0 , 0.0 , 0.0 , 0.0 , 0.0 , 0.0 , 0.0 , 9.0 , 2160.0 , 54.0 , 0.0 , 0.0 , 0.0 , 0.0 , 0.0 , 0.0 , 54.0 , 2160.0 , 135.0 , 0.0 , 0.0 , 0.0 , 0.0 , 0.0 , 0.0 , 135.0 , 2160.0 , 
0.0 , 0.0 , 0.0 , 0.0 , 0.0 , 0.0 , 0.0 , 0.0 , 0.0 , 0.0 , 0.0 , 0.0 , 0.0 , 0.0 , 0.0 , 0.0 , 0.0 , 0.0 , 0.0 , 0.0 , 0.0 , 0.0 , 0.0 , 0.0 , 0.0 , 0.0 , 0.0 , 0.0 , 0.0 , 0.0 , 0.0 , 0.0 , 0.0 , 0.0 , 0.0 , 0.0 , 2160.0 , 2160.0 , 2160.0 , 2160.0 , 2160.0 , 2160.0 , 2160.0 , 2160.0 , 2160.0 , 2160.0 , 135.0 , 0.0 , 0.0 , 0.0 , 0.0 , 0.0 , 0.0 , 135.0 , 2160.0 , 27.0 , 0.0 , 0.0 , 0.0 , 0.0 , 0.0 , 0.0 , 27.0 , 2160.0 , 27.0 , 0.0 , 0.0 , 0.0 , 0.0 , 0.0 , 0.0 , 27.0 , 2160.0 , 63.0 , 0.0 , 0.0 , 0.0 , 0.0 , 0.0 , 0.0 , 63.0 , 
0.0 , 0.0 , 0.0 , 0.0 , 0.0 , 0.0 , 0.0 , 0.0 , 0.0 , 0.0 , 0.0 , 0.0 , 0.0 , 0.0 , 0.0 , 0.0 , 0.0 , 0.0 , 0.0 , 0.0 , 0.0 , 0.0 , 0.0 , 0.0 , 0.0 , 0.0 , 0.0 , 0.0 , 0.0 , 0.0 , 0.0 , 0.0 , 0.0 , 0.0 , 0.0 , 0.0 , 0.0 , -1080.0 , 2160.0 , 2160.0 , 2160.0 , 2160.0 , 2160.0 , 2160.0 , 2160.0 , 135.0 , 2160.0 , 135.0 , 0.0 , 0.0 , 0.0 , 0.0 , 0.0 , 0.0 , 27.0 , 2160.0 , 27.0 , 0.0 , 0.0 , 0.0 , 0.0 , 0.0 , 0.0 , 27.0 , 2160.0 , 27.0 , 0.0 , 0.0 , 0.0 , 0.0 , 0.0 , 0.0 , 63.0 , 2160.0 , 63.0 , 0.0 , 0.0 , 0.0 , 0.0 , 0.0 , 0.0 , 
0.0 , 0.0 , 0.0 , 0.0 , 0.0 , 0.0 , 0.0 , 0.0 , 0.0 , 0.0 , 0.0 , 0.0 , 0.0 , 0.0 , 0.0 , 0.0 , 0.0 , 0.0 , 0.0 , 0.0 , 0.0 , 0.0 , 0.0 , 0.0 , 0.0 , 0.0 , 0.0 , 0.0 , 0.0 , 0.0 , 0.0 , 0.0 , 0.0 , 0.0 , 0.0 , 0.0 , 0.0 , 0.0 , -1080.0 , 2160.0 , 2160.0 , 2160.0 , 2160.0 , 2160.0 , 2160.0 , 0.0 , 135.0 , 2160.0 , 135.0 , 0.0 , 0.0 , 0.0 , 0.0 , 0.0 , 0.0 , 27.0 , 2160.0 , 27.0 , 0.0 , 0.0 , 0.0 , 0.0 , 0.0 , 0.0 , 27.0 , 2160.0 , 27.0 , 0.0 , 0.0 , 0.0 , 0.0 , 0.0 , 0.0 , 63.0 , 2160.0 , 63.0 , 0.0 , 0.0 , 0.0 , 0.0 , 0.0 , 
0.0 , 0.0 , 0.0 , 0.0 , 0.0 , 0.0 , 0.0 , 0.0 , 0.0 , 0.0 , 0.0 , 0.0 , 0.0 , 0.0 , 0.0 , 0.0 , 0.0 , 0.0 , 0.0 , 0.0 , 0.0 , 0.0 , 0.0 , 0.0 , 0.0 , 0.0 , 0.0 , 0.0 , 0.0 , 0.0 , 0.0 , 0.0 , 0.0 , 0.0 , 0.0 , 0.0 , 0.0 , 0.0 , 0.0 , -1080.0 , 2160.0 , 2160.0 , 2160.0 , 2160.0 , 2160.0 , 0.0 , 0.0 , 135.0 , 2160.0 , 135.0 , 0.0 , 0.0 , 0.0 , 0.0 , 0.0 , 0.0 , 27.0 , 2160.0 , 27.0 , 0.0 , 0.0 , 0.0 , 0.0 , 0.0 , 0.0 , 27.0 , 2160.0 , 27.0 , 0.0 , 0.0 , 0.0 , 0.0 , 0.0 , 0.0 , 63.0 , 2160.0 , 63.0 , 0.0 , 0.0 , 0.0 , 0.0 , 
0.0 , 0.0 , 0.0 , 0.0 , 0.0 , 0.0 , 0.0 , 0.0 , 0.0 , 0.0 , 0.0 , 0.0 , 0.0 , 0.0 , 0.0 , 0.0 , 0.0 , 0.0 , 0.0 , 0.0 , 0.0 , 0.0 , 0.0 , 0.0 , 0.0 , 0.0 , 0.0 , 0.0 , 0.0 , 0.0 , 0.0 , 0.0 , 0.0 , 0.0 , 0.0 , 0.0 , 0.0 , 0.0 , 0.0 , 0.0 , -1080.0 , 2160.0 , 2160.0 , 2160.0 , 2160.0 , 0.0 , 0.0 , 0.0 , 135.0 , 2160.0 , 135.0 , 0.0 , 0.0 , 0.0 , 0.0 , 0.0 , 0.0 , 27.0 , 2160.0 , 27.0 , 0.0 , 0.0 , 0.0 , 0.0 , 0.0 , 0.0 , 27.0 , 2160.0 , 27.0 , 0.0 , 0.0 , 0.0 , 0.0 , 0.0 , 0.0 , 63.0 , 2160.0 , 63.0 , 0.0 , 0.0 , 0.0 , 
0.0 , 0.0 , 0.0 , 0.0 , 0.0 , 0.0 , 0.0 , 0.0 , 0.0 , 0.0 , 0.0 , 0.0 , 0.0 , 0.0 , 0.0 , 0.0 , 0.0 , 0.0 , 0.0 , 0.0 , 0.0 , 0.0 , 0.0 , 0.0 , 0.0 , 0.0 , 0.0 , 0.0 , 0.0 , 0.0 , 0.0 , 0.0 , 0.0 , 0.0 , 0.0 , 0.0 , 0.0 , 0.0 , 0.0 , 0.0 , 0.0 , -1080.0 , 2160.0 , 2160.0 , 2160.0 , 0.0 , 0.0 , 0.0 , 0.0 , 135.0 , 2160.0 , 135.0 , 0.0 , 0.0 , 0.0 , 0.0 , 0.0 , 0.0 , 27.0 , 2160.0 , 27.0 , 0.0 , 0.0 , 0.0 , 0.0 , 0.0 , 0.0 , 27.0 , 2160.0 , 27.0 , 0.0 , 0.0 , 0.0 , 0.0 , 0.0 , 0.0 , 63.0 , 2160.0 , 63.0 , 0.0 , 0.0 , 
0.0 , 0.0 , 0.0 , 0.0 , 0.0 , 0.0 , 0.0 , 0.0 , 0.0 , 0.0 , 0.0 , 0.0 , 0.0 , 0.0 , 0.0 , 0.0 , 0.0 , 0.0 , 0.0 , 0.0 , 0.0 , 0.0 , 0.0 , 0.0 , 0.0 , 0.0 , 0.0 , 0.0 , 0.0 , 0.0 , 0.0 , 0.0 , 0.0 , 0.0 , 0.0 , 0.0 , 0.0 , 0.0 , 0.0 , 0.0 , 0.0 , 0.0 , -1080.0 , 2160.0 , 2160.0 , 0.0 , 0.0 , 0.0 , 0.0 , 0.0 , 135.0 , 2160.0 , 135.0 , 0.0 , 0.0 , 0.0 , 0.0 , 0.0 , 0.0 , 27.0 , 2160.0 , 27.0 , 0.0 , 0.0 , 0.0 , 0.0 , 0.0 , 0.0 , 27.0 , 2160.0 , 27.0 , 0.0 , 0.0 , 0.0 , 0.0 , 0.0 , 0.0 , 63.0 , 2160.0 , 63.0 , 0.0 , 
0.0 , 0.0 , 0.0 , 0.0 , 0.0 , 0.0 , 0.0 , 0.0 , 0.0 , 0.0 , 0.0 , 0.0 , 0.0 , 0.0 , 0.0 , 0.0 , 0.0 , 0.0 , 0.0 , 0.0 , 0.0 , 0.0 , 0.0 , 0.0 , 0.0 , 0.0 , 0.0 , 0.0 , 0.0 , 0.0 , 0.0 , 0.0 , 0.0 , 0.0 , 0.0 , 0.0 , 0.0 , 0.0 , 0.0 , 0.0 , 0.0 , 0.0 , 0.0 , -1080.0 , 2160.0 , 0.0 , 0.0 , 0.0 , 0.0 , 0.0 , 0.0 , 135.0 , 2160.0 , 135.0 , 0.0 , 0.0 , 0.0 , 0.0 , 0.0 , 0.0 , 27.0 , 2160.0 , 27.0 , 0.0 , 0.0 , 0.0 , 0.0 , 0.0 , 0.0 , 27.0 , 2160.0 , 27.0 , 0.0 , 0.0 , 0.0 , 0.0 , 0.0 , 0.0 , 63.0 , 2160.0 , 63.0 , 
0.0 , 0.0 , 0.0 , 0.0 , 0.0 , 0.0 , 0.0 , 0.0 , 0.0 , 0.0 , 0.0 , 0.0 , 0.0 , 0.0 , 0.0 , 0.0 , 0.0 , 0.0 , 0.0 , 0.0 , 0.0 , 0.0 , 0.0 , 0.0 , 0.0 , 0.0 , 0.0 , 0.0 , 0.0 , 0.0 , 0.0 , 0.0 , 0.0 , 0.0 , 0.0 , 0.0 , 0.0 , 0.0 , 0.0 , 0.0 , 0.0 , 0.0 , 0.0 , 0.0 , 2160.0 , 135.0 , 0.0 , 0.0 , 0.0 , 0.0 , 0.0 , 0.0 , 135.0 , 2160.0 , 27.0 , 0.0 , 0.0 , 0.0 , 0.0 , 0.0 , 0.0 , 27.0 , 2160.0 , 27.0 , 0.0 , 0.0 , 0.0 , 0.0 , 0.0 , 0.0 , 27.0 , 2160.0 , 63.0 , 0.0 , 0.0 , 0.0 , 0.0 , 0.0 , 0.0 , 63.0 , 2160.0 , 
0.0 , 0.0 , 0.0 , 0.0 , 0.0 , 0.0 , 0.0 , 0.0 , 0.0 , 0.0 , 0.0 , 0.0 , 0.0 , 0.0 , 0.0 , 0.0 , 0.0 , 0.0 , 0.0 , 0.0 , 0.0 , 0.0 , 0.0 , 0.0 , 0.0 , 0.0 , 0.0 , 0.0 , 0.0 , 0.0 , 0.0 , 0.0 , 0.0 , 0.0 , 0.0 , 0.0 , 0.0 , 0.0 , 0.0 , 0.0 , 0.0 , 0.0 , 0.0 , 0.0 , 0.0 , 2160.0 , 2160.0 , 2160.0 , 2160.0 , 2160.0 , 2160.0 , 2160.0 , 2160.0 , 2160.0 , 2160.0 , 45.0 , 0.0 , 0.0 , 0.0 , 0.0 , 0.0 , 0.0 , 45.0 , 2160.0 , 135.0 , 0.0 , 0.0 , 0.0 , 0.0 , 0.0 , 0.0 , 135.0 , 2160.0 , 27.0 , 0.0 , 0.0 , 0.0 , 0.0 , 0.0 , 0.0 , 27.0 , 
0.0 , 0.0 , 0.0 , 0.0 , 0.0 , 0.0 , 0.0 , 0.0 , 0.0 , 0.0 , 0.0 , 0.0 , 0.0 , 0.0 , 0.0 , 0.0 , 0.0 , 0.0 , 0.0 , 0.0 , 0.0 , 0.0 , 0.0 , 0.0 , 0.0 , 0.0 , 0.0 , 0.0 , 0.0 , 0.0 , 0.0 , 0.0 , 0.0 , 0.0 , 0.0 , 0.0 , 0.0 , 0.0 , 0.0 , 0.0 , 0.0 , 0.0 , 0.0 , 0.0 , 0.0 , 0.0 , -1080.0 , 2160.0 , 2160.0 , 2160.0 , 2160.0 , 2160.0 , 2160.0 , 2160.0 , 45.0 , 2160.0 , 45.0 , 0.0 , 0.0 , 0.0 , 0.0 , 0.0 , 0.0 , 135.0 , 2160.0 , 135.0 , 0.0 , 0.0 , 0.0 , 0.0 , 0.0 , 0.0 , 27.0 , 2160.0 , 27.0 , 0.0 , 0.0 , 0.0 , 0.0 , 0.0 , 0.0 , 
0.0 , 0.0 , 0.0 , 0.0 , 0.0 , 0.0 , 0.0 , 0.0 , 0.0 , 0.0 , 0.0 , 0.0 , 0.0 , 0.0 , 0.0 , 0.0 , 0.0 , 0.0 , 0.0 , 0.0 , 0.0 , 0.0 , 0.0 , 0.0 , 0.0 , 0.0 , 0.0 , 0.0 , 0.0 , 0.0 , 0.0 , 0.0 , 0.0 , 0.0 , 0.0 , 0.0 , 0.0 , 0.0 , 0.0 , 0.0 , 0.0 , 0.0 , 0.0 , 0.0 , 0.0 , 0.0 , 0.0 , -1080.0 , 2160.0 , 2160.0 , 2160.0 , 2160.0 , 2160.0 , 2160.0 , 0.0 , 45.0 , 2160.0 , 45.0 , 0.0 , 0.0 , 0.0 , 0.0 , 0.0 , 0.0 , 135.0 , 2160.0 , 135.0 , 0.0 , 0.0 , 0.0 , 0.0 , 0.0 , 0.0 , 27.0 , 2160.0 , 27.0 , 0.0 , 0.0 , 0.0 , 0.0 , 0.0 , 
0.0 , 0.0 , 0.0 , 0.0 , 0.0 , 0.0 , 0.0 , 0.0 , 0.0 , 0.0 , 0.0 , 0.0 , 0.0 , 0.0 , 0.0 , 0.0 , 0.0 , 0.0 , 0.0 , 0.0 , 0.0 , 0.0 , 0.0 , 0.0 , 0.0 , 0.0 , 0.0 , 0.0 , 0.0 , 0.0 , 0.0 , 0.0 , 0.0 , 0.0 , 0.0 , 0.0 , 0.0 , 0.0 , 0.0 , 0.0 , 0.0 , 0.0 , 0.0 , 0.0 , 0.0 , 0.0 , 0.0 , 0.0 , -1080.0 , 2160.0 , 2160.0 , 2160.0 , 2160.0 , 2160.0 , 0.0 , 0.0 , 45.0 , 2160.0 , 45.0 , 0.0 , 0.0 , 0.0 , 0.0 , 0.0 , 0.0 , 135.0 , 2160.0 , 135.0 , 0.0 , 0.0 , 0.0 , 0.0 , 0.0 , 0.0 , 27.0 , 2160.0 , 27.0 , 0.0 , 0.0 , 0.0 , 0.0 , 
0.0 , 0.0 , 0.0 , 0.0 , 0.0 , 0.0 , 0.0 , 0.0 , 0.0 , 0.0 , 0.0 , 0.0 , 0.0 , 0.0 , 0.0 , 0.0 , 0.0 , 0.0 , 0.0 , 0.0 , 0.0 , 0.0 , 0.0 , 0.0 , 0.0 , 0.0 , 0.0 , 0.0 , 0.0 , 0.0 , 0.0 , 0.0 , 0.0 , 0.0 , 0.0 , 0.0 , 0.0 , 0.0 , 0.0 , 0.0 , 0.0 , 0.0 , 0.0 , 0.0 , 0.0 , 0.0 , 0.0 , 0.0 , 0.0 , -1080.0 , 2160.0 , 2160.0 , 2160.0 , 2160.0 , 0.0 , 0.0 , 0.0 , 45.0 , 2160.0 , 45.0 , 0.0 , 0.0 , 0.0 , 0.0 , 0.0 , 0.0 , 135.0 , 2160.0 , 135.0 , 0.0 , 0.0 , 0.0 , 0.0 , 0.0 , 0.0 , 27.0 , 2160.0 , 27.0 , 0.0 , 0.0 , 0.0 , 
0.0 , 0.0 , 0.0 , 0.0 , 0.0 , 0.0 , 0.0 , 0.0 , 0.0 , 0.0 , 0.0 , 0.0 , 0.0 , 0.0 , 0.0 , 0.0 , 0.0 , 0.0 , 0.0 , 0.0 , 0.0 , 0.0 , 0.0 , 0.0 , 0.0 , 0.0 , 0.0 , 0.0 , 0.0 , 0.0 , 0.0 , 0.0 , 0.0 , 0.0 , 0.0 , 0.0 , 0.0 , 0.0 , 0.0 , 0.0 , 0.0 , 0.0 , 0.0 , 0.0 , 0.0 , 0.0 , 0.0 , 0.0 , 0.0 , 0.0 , -1080.0 , 2160.0 , 2160.0 , 2160.0 , 0.0 , 0.0 , 0.0 , 0.0 , 45.0 , 2160.0 , 45.0 , 0.0 , 0.0 , 0.0 , 0.0 , 0.0 , 0.0 , 135.0 , 2160.0 , 135.0 , 0.0 , 0.0 , 0.0 , 0.0 , 0.0 , 0.0 , 27.0 , 2160.0 , 27.0 , 0.0 , 0.0 , 
0.0 , 0.0 , 0.0 , 0.0 , 0.0 , 0.0 , 0.0 , 0.0 , 0.0 , 0.0 , 0.0 , 0.0 , 0.0 , 0.0 , 0.0 , 0.0 , 0.0 , 0.0 , 0.0 , 0.0 , 0.0 , 0.0 , 0.0 , 0.0 , 0.0 , 0.0 , 0.0 , 0.0 , 0.0 , 0.0 , 0.0 , 0.0 , 0.0 , 0.0 , 0.0 , 0.0 , 0.0 , 0.0 , 0.0 , 0.0 , 0.0 , 0.0 , 0.0 , 0.0 , 0.0 , 0.0 , 0.0 , 0.0 , 0.0 , 0.0 , 0.0 , -1080.0 , 2160.0 , 2160.0 , 0.0 , 0.0 , 0.0 , 0.0 , 0.0 , 45.0 , 2160.0 , 45.0 , 0.0 , 0.0 , 0.0 , 0.0 , 0.0 , 0.0 , 135.0 , 2160.0 , 135.0 , 0.0 , 0.0 , 0.0 , 0.0 , 0.0 , 0.0 , 27.0 , 2160.0 , 27.0 , 0.0 , 
0.0 , 0.0 , 0.0 , 0.0 , 0.0 , 0.0 , 0.0 , 0.0 , 0.0 , 0.0 , 0.0 , 0.0 , 0.0 , 0.0 , 0.0 , 0.0 , 0.0 , 0.0 , 0.0 , 0.0 , 0.0 , 0.0 , 0.0 , 0.0 , 0.0 , 0.0 , 0.0 , 0.0 , 0.0 , 0.0 , 0.0 , 0.0 , 0.0 , 0.0 , 0.0 , 0.0 , 0.0 , 0.0 , 0.0 , 0.0 , 0.0 , 0.0 , 0.0 , 0.0 , 0.0 , 0.0 , 0.0 , 0.0 , 0.0 , 0.0 , 0.0 , 0.0 , -1080.0 , 2160.0 , 0.0 , 0.0 , 0.0 , 0.0 , 0.0 , 0.0 , 45.0 , 2160.0 , 45.0 , 0.0 , 0.0 , 0.0 , 0.0 , 0.0 , 0.0 , 135.0 , 2160.0 , 135.0 , 0.0 , 0.0 , 0.0 , 0.0 , 0.0 , 0.0 , 27.0 , 2160.0 , 27.0 , 
0.0 , 0.0 , 0.0 , 0.0 , 0.0 , 0.0 , 0.0 , 0.0 , 0.0 , 0.0 , 0.0 , 0.0 , 0.0 , 0.0 , 0.0 , 0.0 , 0.0 , 0.0 , 0.0 , 0.0 , 0.0 , 0.0 , 0.0 , 0.0 , 0.0 , 0.0 , 0.0 , 0.0 , 0.0 , 0.0 , 0.0 , 0.0 , 0.0 , 0.0 , 0.0 , 0.0 , 0.0 , 0.0 , 0.0 , 0.0 , 0.0 , 0.0 , 0.0 , 0.0 , 0.0 , 0.0 , 0.0 , 0.0 , 0.0 , 0.0 , 0.0 , 0.0 , 0.0 , 2160.0 , 45.0 , 0.0 , 0.0 , 0.0 , 0.0 , 0.0 , 0.0 , 45.0 , 2160.0 , 135.0 , 0.0 , 0.0 , 0.0 , 0.0 , 0.0 , 0.0 , 135.0 , 2160.0 , 27.0 , 0.0 , 0.0 , 0.0 , 0.0 , 0.0 , 0.0 , 27.0 , 2160.0 , 
0.0 , 0.0 , 0.0 , 0.0 , 0.0 , 0.0 , 0.0 , 0.0 , 0.0 , 0.0 , 0.0 , 0.0 , 0.0 , 0.0 , 0.0 , 0.0 , 0.0 , 0.0 , 0.0 , 0.0 , 0.0 , 0.0 , 0.0 , 0.0 , 0.0 , 0.0 , 0.0 , 0.0 , 0.0 , 0.0 , 0.0 , 0.0 , 0.0 , 0.0 , 0.0 , 0.0 , 0.0 , 0.0 , 0.0 , 0.0 , 0.0 , 0.0 , 0.0 , 0.0 , 0.0 , 0.0 , 0.0 , 0.0 , 0.0 , 0.0 , 0.0 , 0.0 , 0.0 , 0.0 , 2160.0 , 2160.0 , 2160.0 , 2160.0 , 2160.0 , 2160.0 , 2160.0 , 2160.0 , 2160.0 , 2160.0 , 9.0 , 0.0 , 0.0 , 0.0 , 0.0 , 0.0 , 0.0 , 9.0 , 2160.0 , 117.0 , 0.0 , 0.0 , 0.0 , 0.0 , 0.0 , 0.0 , 117.0 , 
0.0 , 0.0 , 0.0 , 0.0 , 0.0 , 0.0 , 0.0 , 0.0 , 0.0 , 0.0 , 0.0 , 0.0 , 0.0 , 0.0 , 0.0 , 0.0 , 0.0 , 0.0 , 0.0 , 0.0 , 0.0 , 0.0 , 0.0 , 0.0 , 0.0 , 0.0 , 0.0 , 0.0 , 0.0 , 0.0 , 0.0 , 0.0 , 0.0 , 0.0 , 0.0 , 0.0 , 0.0 , 0.0 , 0.0 , 0.0 , 0.0 , 0.0 , 0.0 , 0.0 , 0.0 , 0.0 , 0.0 , 0.0 , 0.0 , 0.0 , 0.0 , 0.0 , 0.0 , 0.0 , 0.0 , -1080.0 , 2160.0 , 2160.0 , 2160.0 , 2160.0 , 2160.0 , 2160.0 , 2160.0 , 9.0 , 2160.0 , 9.0 , 0.0 , 0.0 , 0.0 , 0.0 , 0.0 , 0.0 , 117.0 , 2160.0 , 117.0 , 0.0 , 0.0 , 0.0 , 0.0 , 0.0 , 0.0 , 
0.0 , 0.0 , 0.0 , 0.0 , 0.0 , 0.0 , 0.0 , 0.0 , 0.0 , 0.0 , 0.0 , 0.0 , 0.0 , 0.0 , 0.0 , 0.0 , 0.0 , 0.0 , 0.0 , 0.0 , 0.0 , 0.0 , 0.0 , 0.0 , 0.0 , 0.0 , 0.0 , 0.0 , 0.0 , 0.0 , 0.0 , 0.0 , 0.0 , 0.0 , 0.0 , 0.0 , 0.0 , 0.0 , 0.0 , 0.0 , 0.0 , 0.0 , 0.0 , 0.0 , 0.0 , 0.0 , 0.0 , 0.0 , 0.0 , 0.0 , 0.0 , 0.0 , 0.0 , 0.0 , 0.0 , 0.0 , -1080.0 , 2160.0 , 2160.0 , 2160.0 , 2160.0 , 2160.0 , 2160.0 , 0.0 , 9.0 , 2160.0 , 9.0 , 0.0 , 0.0 , 0.0 , 0.0 , 0.0 , 0.0 , 117.0 , 2160.0 , 117.0 , 0.0 , 0.0 , 0.0 , 0.0 , 0.0 , 
0.0 , 0.0 , 0.0 , 0.0 , 0.0 , 0.0 , 0.0 , 0.0 , 0.0 , 0.0 , 0.0 , 0.0 , 0.0 , 0.0 , 0.0 , 0.0 , 0.0 , 0.0 , 0.0 , 0.0 , 0.0 , 0.0 , 0.0 , 0.0 , 0.0 , 0.0 , 0.0 , 0.0 , 0.0 , 0.0 , 0.0 , 0.0 , 0.0 , 0.0 , 0.0 , 0.0 , 0.0 , 0.0 , 0.0 , 0.0 , 0.0 , 0.0 , 0.0 , 0.0 , 0.0 , 0.0 , 0.0 , 0.0 , 0.0 , 0.0 , 0.0 , 0.0 , 0.0 , 0.0 , 0.0 , 0.0 , 0.0 , -1080.0 , 2160.0 , 2160.0 , 2160.0 , 2160.0 , 2160.0 , 0.0 , 0.0 , 9.0 , 2160.0 , 9.0 , 0.0 , 0.0 , 0.0 , 0.0 , 0.0 , 0.0 , 117.0 , 2160.0 , 117.0 , 0.0 , 0.0 , 0.0 , 0.0 , 
0.0 , 0.0 , 0.0 , 0.0 , 0.0 , 0.0 , 0.0 , 0.0 , 0.0 , 0.0 , 0.0 , 0.0 , 0.0 , 0.0 , 0.0 , 0.0 , 0.0 , 0.0 , 0.0 , 0.0 , 0.0 , 0.0 , 0.0 , 0.0 , 0.0 , 0.0 , 0.0 , 0.0 , 0.0 , 0.0 , 0.0 , 0.0 , 0.0 , 0.0 , 0.0 , 0.0 , 0.0 , 0.0 , 0.0 , 0.0 , 0.0 , 0.0 , 0.0 , 0.0 , 0.0 , 0.0 , 0.0 , 0.0 , 0.0 , 0.0 , 0.0 , 0.0 , 0.0 , 0.0 , 0.0 , 0.0 , 0.0 , 0.0 , -1080.0 , 2160.0 , 2160.0 , 2160.0 , 2160.0 , 0.0 , 0.0 , 0.0 , 9.0 , 2160.0 , 9.0 , 0.0 , 0.0 , 0.0 , 0.0 , 0.0 , 0.0 , 117.0 , 2160.0 , 117.0 , 0.0 , 0.0 , 0.0 , 
0.0 , 0.0 , 0.0 , 0.0 , 0.0 , 0.0 , 0.0 , 0.0 , 0.0 , 0.0 , 0.0 , 0.0 , 0.0 , 0.0 , 0.0 , 0.0 , 0.0 , 0.0 , 0.0 , 0.0 , 0.0 , 0.0 , 0.0 , 0.0 , 0.0 , 0.0 , 0.0 , 0.0 , 0.0 , 0.0 , 0.0 , 0.0 , 0.0 , 0.0 , 0.0 , 0.0 , 0.0 , 0.0 , 0.0 , 0.0 , 0.0 , 0.0 , 0.0 , 0.0 , 0.0 , 0.0 , 0.0 , 0.0 , 0.0 , 0.0 , 0.0 , 0.0 , 0.0 , 0.0 , 0.0 , 0.0 , 0.0 , 0.0 , 0.0 , -1080.0 , 2160.0 , 2160.0 , 2160.0 , 0.0 , 0.0 , 0.0 , 0.0 , 9.0 , 2160.0 , 9.0 , 0.0 , 0.0 , 0.0 , 0.0 , 0.0 , 0.0 , 117.0 , 2160.0 , 117.0 , 0.0 , 0.0 , 
0.0 , 0.0 , 0.0 , 0.0 , 0.0 , 0.0 , 0.0 , 0.0 , 0.0 , 0.0 , 0.0 , 0.0 , 0.0 , 0.0 , 0.0 , 0.0 , 0.0 , 0.0 , 0.0 , 0.0 , 0.0 , 0.0 , 0.0 , 0.0 , 0.0 , 0.0 , 0.0 , 0.0 , 0.0 , 0.0 , 0.0 , 0.0 , 0.0 , 0.0 , 0.0 , 0.0 , 0.0 , 0.0 , 0.0 , 0.0 , 0.0 , 0.0 , 0.0 , 0.0 , 0.0 , 0.0 , 0.0 , 0.0 , 0.0 , 0.0 , 0.0 , 0.0 , 0.0 , 0.0 , 0.0 , 0.0 , 0.0 , 0.0 , 0.0 , 0.0 , -1080.0 , 2160.0 , 2160.0 , 0.0 , 0.0 , 0.0 , 0.0 , 0.0 , 9.0 , 2160.0 , 9.0 , 0.0 , 0.0 , 0.0 , 0.0 , 0.0 , 0.0 , 117.0 , 2160.0 , 117.0 , 0.0 , 
0.0 , 0.0 , 0.0 , 0.0 , 0.0 , 0.0 , 0.0 , 0.0 , 0.0 , 0.0 , 0.0 , 0.0 , 0.0 , 0.0 , 0.0 , 0.0 , 0.0 , 0.0 , 0.0 , 0.0 , 0.0 , 0.0 , 0.0 , 0.0 , 0.0 , 0.0 , 0.0 , 0.0 , 0.0 , 0.0 , 0.0 , 0.0 , 0.0 , 0.0 , 0.0 , 0.0 , 0.0 , 0.0 , 0.0 , 0.0 , 0.0 , 0.0 , 0.0 , 0.0 , 0.0 , 0.0 , 0.0 , 0.0 , 0.0 , 0.0 , 0.0 , 0.0 , 0.0 , 0.0 , 0.0 , 0.0 , 0.0 , 0.0 , 0.0 , 0.0 , 0.0 , -1080.0 , 2160.0 , 0.0 , 0.0 , 0.0 , 0.0 , 0.0 , 0.0 , 9.0 , 2160.0 , 9.0 , 0.0 , 0.0 , 0.0 , 0.0 , 0.0 , 0.0 , 117.0 , 2160.0 , 117.0 , 
0.0 , 0.0 , 0.0 , 0.0 , 0.0 , 0.0 , 0.0 , 0.0 , 0.0 , 0.0 , 0.0 , 0.0 , 0.0 , 0.0 , 0.0 , 0.0 , 0.0 , 0.0 , 0.0 , 0.0 , 0.0 , 0.0 , 0.0 , 0.0 , 0.0 , 0.0 , 0.0 , 0.0 , 0.0 , 0.0 , 0.0 , 0.0 , 0.0 , 0.0 , 0.0 , 0.0 , 0.0 , 0.0 , 0.0 , 0.0 , 0.0 , 0.0 , 0.0 , 0.0 , 0.0 , 0.0 , 0.0 , 0.0 , 0.0 , 0.0 , 0.0 , 0.0 , 0.0 , 0.0 , 0.0 , 0.0 , 0.0 , 0.0 , 0.0 , 0.0 , 0.0 , 0.0 , 2160.0 , 9.0 , 0.0 , 0.0 , 0.0 , 0.0 , 0.0 , 0.0 , 9.0 , 2160.0 , 117.0 , 0.0 , 0.0 , 0.0 , 0.0 , 0.0 , 0.0 , 117.0 , 2160.0 , 
0.0 , 0.0 , 0.0 , 0.0 , 0.0 , 0.0 , 0.0 , 0.0 , 0.0 , 0.0 , 0.0 , 0.0 , 0.0 , 0.0 , 0.0 , 0.0 , 0.0 , 0.0 , 0.0 , 0.0 , 0.0 , 0.0 , 0.0 , 0.0 , 0.0 , 0.0 , 0.0 , 0.0 , 0.0 , 0.0 , 0.0 , 0.0 , 0.0 , 0.0 , 0.0 , 0.0 , 0.0 , 0.0 , 0.0 , 0.0 , 0.0 , 0.0 , 0.0 , 0.0 , 0.0 , 0.0 , 0.0 , 0.0 , 0.0 , 0.0 , 0.0 , 0.0 , 0.0 , 0.0 , 0.0 , 0.0 , 0.0 , 0.0 , 0.0 , 0.0 , 0.0 , 0.0 , 0.0 , 2160.0 , 2160.0 , 2160.0 , 2160.0 , 2160.0 , 2160.0 , 2160.0 , 2160.0 , 2160.0 , 2160.0 , 126.0 , 0.0 , 0.0 , 0.0 , 0.0 , 0.0 , 0.0 , 126.0 , 
0.0 , 0.0 , 0.0 , 0.0 , 0.0 , 0.0 , 0.0 , 0.0 , 0.0 , 0.0 , 0.0 , 0.0 , 0.0 , 0.0 , 0.0 , 0.0 , 0.0 , 0.0 , 0.0 , 0.0 , 0.0 , 0.0 , 0.0 , 0.0 , 0.0 , 0.0 , 0.0 , 0.0 , 0.0 , 0.0 , 0.0 , 0.0 , 0.0 , 0.0 , 0.0 , 0.0 , 0.0 , 0.0 , 0.0 , 0.0 , 0.0 , 0.0 , 0.0 , 0.0 , 0.0 , 0.0 , 0.0 , 0.0 , 0.0 , 0.0 , 0.0 , 0.0 , 0.0 , 0.0 , 0.0 , 0.0 , 0.0 , 0.0 , 0.0 , 0.0 , 0.0 , 0.0 , 0.0 , 0.0 , -1080.0 , 2160.0 , 2160.0 , 2160.0 , 2160.0 , 2160.0 , 2160.0 , 2160.0 , 126.0 , 2160.0 , 126.0 , 0.0 , 0.0 , 0.0 , 0.0 , 0.0 , 0.0 , 
0.0 , 0.0 , 0.0 , 0.0 , 0.0 , 0.0 , 0.0 , 0.0 , 0.0 , 0.0 , 0.0 , 0.0 , 0.0 , 0.0 , 0.0 , 0.0 , 0.0 , 0.0 , 0.0 , 0.0 , 0.0 , 0.0 , 0.0 , 0.0 , 0.0 , 0.0 , 0.0 , 0.0 , 0.0 , 0.0 , 0.0 , 0.0 , 0.0 , 0.0 , 0.0 , 0.0 , 0.0 , 0.0 , 0.0 , 0.0 , 0.0 , 0.0 , 0.0 , 0.0 , 0.0 , 0.0 , 0.0 , 0.0 , 0.0 , 0.0 , 0.0 , 0.0 , 0.0 , 0.0 , 0.0 , 0.0 , 0.0 , 0.0 , 0.0 , 0.0 , 0.0 , 0.0 , 0.0 , 0.0 , 0.0 , -1080.0 , 2160.0 , 2160.0 , 2160.0 , 2160.0 , 2160.0 , 2160.0 , 0.0 , 126.0 , 2160.0 , 126.0 , 0.0 , 0.0 , 0.0 , 0.0 , 0.0 , 
0.0 , 0.0 , 0.0 , 0.0 , 0.0 , 0.0 , 0.0 , 0.0 , 0.0 , 0.0 , 0.0 , 0.0 , 0.0 , 0.0 , 0.0 , 0.0 , 0.0 , 0.0 , 0.0 , 0.0 , 0.0 , 0.0 , 0.0 , 0.0 , 0.0 , 0.0 , 0.0 , 0.0 , 0.0 , 0.0 , 0.0 , 0.0 , 0.0 , 0.0 , 0.0 , 0.0 , 0.0 , 0.0 , 0.0 , 0.0 , 0.0 , 0.0 , 0.0 , 0.0 , 0.0 , 0.0 , 0.0 , 0.0 , 0.0 , 0.0 , 0.0 , 0.0 , 0.0 , 0.0 , 0.0 , 0.0 , 0.0 , 0.0 , 0.0 , 0.0 , 0.0 , 0.0 , 0.0 , 0.0 , 0.0 , 0.0 , -1080.0 , 2160.0 , 2160.0 , 2160.0 , 2160.0 , 2160.0 , 0.0 , 0.0 , 126.0 , 2160.0 , 126.0 , 0.0 , 0.0 , 0.0 , 0.0 , 
0.0 , 0.0 , 0.0 , 0.0 , 0.0 , 0.0 , 0.0 , 0.0 , 0.0 , 0.0 , 0.0 , 0.0 , 0.0 , 0.0 , 0.0 , 0.0 , 0.0 , 0.0 , 0.0 , 0.0 , 0.0 , 0.0 , 0.0 , 0.0 , 0.0 , 0.0 , 0.0 , 0.0 , 0.0 , 0.0 , 0.0 , 0.0 , 0.0 , 0.0 , 0.0 , 0.0 , 0.0 , 0.0 , 0.0 , 0.0 , 0.0 , 0.0 , 0.0 , 0.0 , 0.0 , 0.0 , 0.0 , 0.0 , 0.0 , 0.0 , 0.0 , 0.0 , 0.0 , 0.0 , 0.0 , 0.0 , 0.0 , 0.0 , 0.0 , 0.0 , 0.0 , 0.0 , 0.0 , 0.0 , 0.0 , 0.0 , 0.0 , -1080.0 , 2160.0 , 2160.0 , 2160.0 , 2160.0 , 0.0 , 0.0 , 0.0 , 126.0 , 2160.0 , 126.0 , 0.0 , 0.0 , 0.0 , 
0.0 , 0.0 , 0.0 , 0.0 , 0.0 , 0.0 , 0.0 , 0.0 , 0.0 , 0.0 , 0.0 , 0.0 , 0.0 , 0.0 , 0.0 , 0.0 , 0.0 , 0.0 , 0.0 , 0.0 , 0.0 , 0.0 , 0.0 , 0.0 , 0.0 , 0.0 , 0.0 , 0.0 , 0.0 , 0.0 , 0.0 , 0.0 , 0.0 , 0.0 , 0.0 , 0.0 , 0.0 , 0.0 , 0.0 , 0.0 , 0.0 , 0.0 , 0.0 , 0.0 , 0.0 , 0.0 , 0.0 , 0.0 , 0.0 , 0.0 , 0.0 , 0.0 , 0.0 , 0.0 , 0.0 , 0.0 , 0.0 , 0.0 , 0.0 , 0.0 , 0.0 , 0.0 , 0.0 , 0.0 , 0.0 , 0.0 , 0.0 , 0.0 , -1080.0 , 2160.0 , 2160.0 , 2160.0 , 0.0 , 0.0 , 0.0 , 0.0 , 126.0 , 2160.0 , 126.0 , 0.0 , 0.0 , 
0.0 , 0.0 , 0.0 , 0.0 , 0.0 , 0.0 , 0.0 , 0.0 , 0.0 , 0.0 , 0.0 , 0.0 , 0.0 , 0.0 , 0.0 , 0.0 , 0.0 , 0.0 , 0.0 , 0.0 , 0.0 , 0.0 , 0.0 , 0.0 , 0.0 , 0.0 , 0.0 , 0.0 , 0.0 , 0.0 , 0.0 , 0.0 , 0.0 , 0.0 , 0.0 , 0.0 , 0.0 , 0.0 , 0.0 , 0.0 , 0.0 , 0.0 , 0.0 , 0.0 , 0.0 , 0.0 , 0.0 , 0.0 , 0.0 , 0.0 , 0.0 , 0.0 , 0.0 , 0.0 , 0.0 , 0.0 , 0.0 , 0.0 , 0.0 , 0.0 , 0.0 , 0.0 , 0.0 , 0.0 , 0.0 , 0.0 , 0.0 , 0.0 , 0.0 , -1080.0 , 2160.0 , 2160.0 , 0.0 , 0.0 , 0.0 , 0.0 , 0.0 , 126.0 , 2160.0 , 126.0 , 0.0 , 
0.0 , 0.0 , 0.0 , 0.0 , 0.0 , 0.0 , 0.0 , 0.0 , 0.0 , 0.0 , 0.0 , 0.0 , 0.0 , 0.0 , 0.0 , 0.0 , 0.0 , 0.0 , 0.0 , 0.0 , 0.0 , 0.0 , 0.0 , 0.0 , 0.0 , 0.0 , 0.0 , 0.0 , 0.0 , 0.0 , 0.0 , 0.0 , 0.0 , 0.0 , 0.0 , 0.0 , 0.0 , 0.0 , 0.0 , 0.0 , 0.0 , 0.0 , 0.0 , 0.0 , 0.0 , 0.0 , 0.0 , 0.0 , 0.0 , 0.0 , 0.0 , 0.0 , 0.0 , 0.0 , 0.0 , 0.0 , 0.0 , 0.0 , 0.0 , 0.0 , 0.0 , 0.0 , 0.0 , 0.0 , 0.0 , 0.0 , 0.0 , 0.0 , 0.0 , 0.0 , -1080.0 , 2160.0 , 0.0 , 0.0 , 0.0 , 0.0 , 0.0 , 0.0 , 126.0 , 2160.0 , 126.0 , 
0.0 , 0.0 , 0.0 , 0.0 , 0.0 , 0.0 , 0.0 , 0.0 , 0.0 , 0.0 , 0.0 , 0.0 , 0.0 , 0.0 , 0.0 , 0.0 , 0.0 , 0.0 , 0.0 , 0.0 , 0.0 , 0.0 , 0.0 , 0.0 , 0.0 , 0.0 , 0.0 , 0.0 , 0.0 , 0.0 , 0.0 , 0.0 , 0.0 , 0.0 , 0.0 , 0.0 , 0.0 , 0.0 , 0.0 , 0.0 , 0.0 , 0.0 , 0.0 , 0.0 , 0.0 , 0.0 , 0.0 , 0.0 , 0.0 , 0.0 , 0.0 , 0.0 , 0.0 , 0.0 , 0.0 , 0.0 , 0.0 , 0.0 , 0.0 , 0.0 , 0.0 , 0.0 , 0.0 , 0.0 , 0.0 , 0.0 , 0.0 , 0.0 , 0.0 , 0.0 , 0.0 , 2160.0 , 126.0 , 0.0 , 0.0 , 0.0 , 0.0 , 0.0 , 0.0 , 126.0 , 2160.0 , 
0.0 , 0.0 , 0.0 , 0.0 , 0.0 , 0.0 , 0.0 , 0.0 , 0.0 , 0.0 , 0.0 , 0.0 , 0.0 , 0.0 , 0.0 , 0.0 , 0.0 , 0.0 , 0.0 , 0.0 , 0.0 , 0.0 , 0.0 , 0.0 , 0.0 , 0.0 , 0.0 , 0.0 , 0.0 , 0.0 , 0.0 , 0.0 , 0.0 , 0.0 , 0.0 , 0.0 , 0.0 , 0.0 , 0.0 , 0.0 , 0.0 , 0.0 , 0.0 , 0.0 , 0.0 , 0.0 , 0.0 , 0.0 , 0.0 , 0.0 , 0.0 , 0.0 , 0.0 , 0.0 , 0.0 , 0.0 , 0.0 , 0.0 , 0.0 , 0.0 , 0.0 , 0.0 , 0.0 , 0.0 , 0.0 , 0.0 , 0.0 , 0.0 , 0.0 , 0.0 , 0.0 , 0.0 , 2160.0 , 2160.0 , 2160.0 , 2160.0 , 2160.0 , 2160.0 , 2160.0 , 2160.0 , 2160.0 , 
0.0 , 0.0 , 0.0 , 0.0 , 0.0 , 0.0 , 0.0 , 0.0 , 0.0 , 0.0 , 0.0 , 0.0 , 0.0 , 0.0 , 0.0 , 0.0 , 0.0 , 0.0 , 0.0 , 0.0 , 0.0 , 0.0 , 0.0 , 0.0 , 0.0 , 0.0 , 0.0 , 0.0 , 0.0 , 0.0 , 0.0 , 0.0 , 0.0 , 0.0 , 0.0 , 0.0 , 0.0 , 0.0 , 0.0 , 0.0 , 0.0 , 0.0 , 0.0 , 0.0 , 0.0 , 0.0 , 0.0 , 0.0 , 0.0 , 0.0 , 0.0 , 0.0 , 0.0 , 0.0 , 0.0 , 0.0 , 0.0 , 0.0 , 0.0 , 0.0 , 0.0 , 0.0 , 0.0 , 0.0 , 0.0 , 0.0 , 0.0 , 0.0 , 0.0 , 0.0 , 0.0 , 0.0 , 0.0 , 2160.0 , 2160.0 , 2160.0 , 2160.0 , 2160.0 , 2160.0 , 2160.0 , 2160.0 , 
0.0 , 0.0 , 0.0 , 0.0 , 0.0 , 0.0 , 0.0 , 0.0 , 0.0 , 0.0 , 0.0 , 0.0 , 0.0 , 0.0 , 0.0 , 0.0 , 0.0 , 0.0 , 0.0 , 0.0 , 0.0 , 0.0 , 0.0 , 0.0 , 0.0 , 0.0 , 0.0 , 0.0 , 0.0 , 0.0 , 0.0 , 0.0 , 0.0 , 0.0 , 0.0 , 0.0 , 0.0 , 0.0 , 0.0 , 0.0 , 0.0 , 0.0 , 0.0 , 0.0 , 0.0 , 0.0 , 0.0 , 0.0 , 0.0 , 0.0 , 0.0 , 0.0 , 0.0 , 0.0 , 0.0 , 0.0 , 0.0 , 0.0 , 0.0 , 0.0 , 0.0 , 0.0 , 0.0 , 0.0 , 0.0 , 0.0 , 0.0 , 0.0 , 0.0 , 0.0 , 0.0 , 0.0 , 0.0 , 0.0 , 2160.0 , 2160.0 , 2160.0 , 2160.0 , 2160.0 , 2160.0 , 2160.0 , 
0.0 , 0.0 , 0.0 , 0.0 , 0.0 , 0.0 , 0.0 , 0.0 , 0.0 , 0.0 , 0.0 , 0.0 , 0.0 , 0.0 , 0.0 , 0.0 , 0.0 , 0.0 , 0.0 , 0.0 , 0.0 , 0.0 , 0.0 , 0.0 , 0.0 , 0.0 , 0.0 , 0.0 , 0.0 , 0.0 , 0.0 , 0.0 , 0.0 , 0.0 , 0.0 , 0.0 , 0.0 , 0.0 , 0.0 , 0.0 , 0.0 , 0.0 , 0.0 , 0.0 , 0.0 , 0.0 , 0.0 , 0.0 , 0.0 , 0.0 , 0.0 , 0.0 , 0.0 , 0.0 , 0.0 , 0.0 , 0.0 , 0.0 , 0.0 , 0.0 , 0.0 , 0.0 , 0.0 , 0.0 , 0.0 , 0.0 , 0.0 , 0.0 , 0.0 , 0.0 , 0.0 , 0.0 , 0.0 , 0.0 , 0.0 , 2160.0 , 2160.0 , 2160.0 , 2160.0 , 2160.0 , 2160.0 , 
0.0 , 0.0 , 0.0 , 0.0 , 0.0 , 0.0 , 0.0 , 0.0 , 0.0 , 0.0 , 0.0 , 0.0 , 0.0 , 0.0 , 0.0 , 0.0 , 0.0 , 0.0 , 0.0 , 0.0 , 0.0 , 0.0 , 0.0 , 0.0 , 0.0 , 0.0 , 0.0 , 0.0 , 0.0 , 0.0 , 0.0 , 0.0 , 0.0 , 0.0 , 0.0 , 0.0 , 0.0 , 0.0 , 0.0 , 0.0 , 0.0 , 0.0 , 0.0 , 0.0 , 0.0 , 0.0 , 0.0 , 0.0 , 0.0 , 0.0 , 0.0 , 0.0 , 0.0 , 0.0 , 0.0 , 0.0 , 0.0 , 0.0 , 0.0 , 0.0 , 0.0 , 0.0 , 0.0 , 0.0 , 0.0 , 0.0 , 0.0 , 0.0 , 0.0 , 0.0 , 0.0 , 0.0 , 0.0 , 0.0 , 0.0 , 0.0 , 2160.0 , 2160.0 , 2160.0 , 2160.0 , 2160.0 , 
0.0 , 0.0 , 0.0 , 0.0 , 0.0 , 0.0 , 0.0 , 0.0 , 0.0 , 0.0 , 0.0 , 0.0 , 0.0 , 0.0 , 0.0 , 0.0 , 0.0 , 0.0 , 0.0 , 0.0 , 0.0 , 0.0 , 0.0 , 0.0 , 0.0 , 0.0 , 0.0 , 0.0 , 0.0 , 0.0 , 0.0 , 0.0 , 0.0 , 0.0 , 0.0 , 0.0 , 0.0 , 0.0 , 0.0 , 0.0 , 0.0 , 0.0 , 0.0 , 0.0 , 0.0 , 0.0 , 0.0 , 0.0 , 0.0 , 0.0 , 0.0 , 0.0 , 0.0 , 0.0 , 0.0 , 0.0 , 0.0 , 0.0 , 0.0 , 0.0 , 0.0 , 0.0 , 0.0 , 0.0 , 0.0 , 0.0 , 0.0 , 0.0 , 0.0 , 0.0 , 0.0 , 0.0 , 0.0 , 0.0 , 0.0 , 0.0 , 0.0 , 2160.0 , 2160.0 , 2160.0 , 2160.0 , 
0.0 , 0.0 , 0.0 , 0.0 , 0.0 , 0.0 , 0.0 , 0.0 , 0.0 , 0.0 , 0.0 , 0.0 , 0.0 , 0.0 , 0.0 , 0.0 , 0.0 , 0.0 , 0.0 , 0.0 , 0.0 , 0.0 , 0.0 , 0.0 , 0.0 , 0.0 , 0.0 , 0.0 , 0.0 , 0.0 , 0.0 , 0.0 , 0.0 , 0.0 , 0.0 , 0.0 , 0.0 , 0.0 , 0.0 , 0.0 , 0.0 , 0.0 , 0.0 , 0.0 , 0.0 , 0.0 , 0.0 , 0.0 , 0.0 , 0.0 , 0.0 , 0.0 , 0.0 , 0.0 , 0.0 , 0.0 , 0.0 , 0.0 , 0.0 , 0.0 , 0.0 , 0.0 , 0.0 , 0.0 , 0.0 , 0.0 , 0.0 , 0.0 , 0.0 , 0.0 , 0.0 , 0.0 , 0.0 , 0.0 , 0.0 , 0.0 , 0.0 , 0.0 , 2160.0 , 2160.0 , 2160.0 , 
0.0 , 0.0 , 0.0 , 0.0 , 0.0 , 0.0 , 0.0 , 0.0 , 0.0 , 0.0 , 0.0 , 0.0 , 0.0 , 0.0 , 0.0 , 0.0 , 0.0 , 0.0 , 0.0 , 0.0 , 0.0 , 0.0 , 0.0 , 0.0 , 0.0 , 0.0 , 0.0 , 0.0 , 0.0 , 0.0 , 0.0 , 0.0 , 0.0 , 0.0 , 0.0 , 0.0 , 0.0 , 0.0 , 0.0 , 0.0 , 0.0 , 0.0 , 0.0 , 0.0 , 0.0 , 0.0 , 0.0 , 0.0 , 0.0 , 0.0 , 0.0 , 0.0 , 0.0 , 0.0 , 0.0 , 0.0 , 0.0 , 0.0 , 0.0 , 0.0 , 0.0 , 0.0 , 0.0 , 0.0 , 0.0 , 0.0 , 0.0 , 0.0 , 0.0 , 0.0 , 0.0 , 0.0 , 0.0 , 0.0 , 0.0 , 0.0 , 0.0 , 0.0 , 0.0 , 2160.0 , 2160.0 , 
0.0 , 0.0 , 0.0 , 0.0 , 0.0 , 0.0 , 0.0 , 0.0 , 0.0 , 0.0 , 0.0 , 0.0 , 0.0 , 0.0 , 0.0 , 0.0 , 0.0 , 0.0 , 0.0 , 0.0 , 0.0 , 0.0 , 0.0 , 0.0 , 0.0 , 0.0 , 0.0 , 0.0 , 0.0 , 0.0 , 0.0 , 0.0 , 0.0 , 0.0 , 0.0 , 0.0 , 0.0 , 0.0 , 0.0 , 0.0 , 0.0 , 0.0 , 0.0 , 0.0 , 0.0 , 0.0 , 0.0 , 0.0 , 0.0 , 0.0 , 0.0 , 0.0 , 0.0 , 0.0 , 0.0 , 0.0 , 0.0 , 0.0 , 0.0 , 0.0 , 0.0 , 0.0 , 0.0 , 0.0 , 0.0 , 0.0 , 0.0 , 0.0 , 0.0 , 0.0 , 0.0 , 0.0 , 0.0 , 0.0 , 0.0 , 0.0 , 0.0 , 0.0 , 0.0 , 0.0 , -1080.0 , 
